TILEMAP
20 20 					    -- Size of tile map in tiles
16 16						-- Tile size & block size
images/tilesets/tileset_level2.png 	-- Tilesheet
21 15					    -- Number of tiles in tilesheet
28 28 28 28 28 28 28 28 28 28 28 28 28 28 28 28 28 28 28 28
28 28 28 28 28 28 28 28 28 28 28 28 28 28 28 28 28 28 28 28
28 28 28 28 28 28 28 28 28 28 28 28 28 28 28 28 28 28 28 28
28 28 28 28 28 28 28 28 28 28 28 28 28 28 28 28 28 28 28 28
28 28 28 28 28 28 28 28 28 28 28 28 28 28 28 28 28 28 28 28
28 28 28 28 28 28 28 28 28 28 28 28 28 28 28 28 28 28 28 28
28 28 28 0 3 3 3 3 3 3 3 3 3 3 3 3 0 28 28 28
28 28 28 21 31 50 50 50 50 50 50 50 50 50 50 1 21 28 28 28
28 28 28 21 50 50 50 50 50 50 50 50 50 50 50 50 21 28 28 28
28 28 28 21 50 50 50 50 50 50 50 50 50 50 50 50 21 28 28 28
28 28 28 21 50 50 50 50 50 50 50 50 50 50 50 50 21 28 28 28
28 28 28 21 50 50 50 50 50 50 50 50 50 50 50 50 21 28 28 28
28 28 28 21 54 50 50 50 50 50 50 50 50 50 50 50 21 28 28 28
28 28 28 21 3 3 3 3 3 3 3 3 3 3 3 3 21 28 28 28
28 28 28 0 21 21 21 21 21 21 21 21 21 21 21 21 0 28 28 28
28 28 28 28 28 28 28 28 28 28 28 28 28 28 28 28 28 28 28 28
28 28 28 28 28 28 28 28 28 28 28 28 28 28 28 28 28 28 28 28
28 28 28 28 28 28 28 28 28 28 28 28 28 28 28 28 28 28 28 28
28 28 28 28 28 28 28 28 28 28 28 28 28 28 28 28 28 28 28 28
28 28 28 28 28 28 28 28 28 28 28 28 28 28 28 28 28 28 28 28
