TILEMAP
20 21                       -- Size of tile map in tiles
16 16						-- Tile size & block size
images/tilesets/tileset_level4.png   -- Tilesheet
20 15                       -- Number of tiles in tilesheet
0  0  0  0  0  0  0  0  1  0  0  0  0  0  0  0  1  0  0  0 
0  0  0  0  1  0  0  0  0  0  0  1  0  0  0  0  0  0  0  0 
0  1  0  0  0  0  0  0  0  0  0  0  0  0  1  0  0  0  1  0 
0  0  0  0  0  0  0  1  0  0  7  21 21 21 21 21 21 21 21 21
0  1  0  0  0  1  0  0  0  7  21 27 27 27 27 27 27 27 27 21
0  0  0  0  0  0  0  1  7  21 27 27 27 27 27 27 27 27 27 21
0  0  0  1  0  0  0  7  21 29 22 29 22 29 22 29 22 27 27 21
1  0  0  0  0  0  7  21 2  3  2  3  2  3  2  3  2  27 27 21
21 21  21  21  21  21  21 22 27 22 27 27 27 27 27 27 27 27 27 21
21  27  27  27  27  21 27 22 27 22 27 27 27 27 27 27 21 23 27 21
21 27  27  27 27 21 21 21 20 21 8  27 27 27 27 27 27 27 27 21
21 27 27 27 27 27 27 27 27 27 28 8  27 27 27 27 27 27 27 21
21 21 21 8  27 27 27 27 27 27 27 28 8  29 22 29 22 29 27 21
21 2  2  2  2  2  2  8  27 27 27 27 28 2  3  2  3  2  23 21
21 27 27 27 27 27 27 28 8  27 27 27 27 27 27 27 27 27 27 21
21 29 22 29 22 29 27 27 28 8  22 29 22 27 27 27 22 29 22 21
21 2  3  2  3  2  27 27 27 27 3  3  3  27 27 27 3  3  3  21
21 27 27 27 27 27 27 27 27 27 27 27 27 27 27 27 27 27 27 21
21 27 27 27 27 27 27 27 27 27 27 27 27 27 27 27 27 27 27 21
21 21 21 21 21 21 23 21 21 20 21 21 21 21 23 21 21 21 21 21
