TILEMAP
20 21 							-- Size of tile map in tiles
16 16 							-- Tile size & block size
images/tileset_level3.png 	-- Tilesheet
25 14								-- Number of tiles in tilesheet
0 0 0 0 0 0 0 0 0 0 0 0 0 0 0 0 0 0 0 0
0 30 0 0 31 3 3 3 3 32 32 32 32 32 3 3 30 0 0 0
0 60 30 31 61 1 1 1 1 1 1 1 1 1 1 1 60 30 0 0
0 1 60 61 1 1 1 1 1 1 1 1 9 1 1 1 1 60 61 0
0 1 9 39 10 39 1 1 1 9 1 1 1 1 1 6 7 8 1 0
0 1 1 39 70 39 1 1 1 1 1 1 1 1 1 36 37 38 1 0
0 1 1 39 70 39 1 1 1 1 12 42 42 35 35 35 66 7 8 0
0 1 1 39 70 39 1 1 1 12 11 1 1 1 1 1 36 37 38 0
0 42 42 42 40 42 41 35 13 11 1 1 1 9 1 44 44 67 44 0
0 1 1 1 1 1 1 1 43 1 9 1 1 1 1 1 1 1 1 0
0 1 1 1 1 1 1 1 1 1 1 1 1 1 1 1 1 1 1 0
0 13 41 71 72 72 72 73 35 42 35 3 13 2 69 1 1 9 1 0
0 43 1 1 1 1 1 1 1 1 1 1 43 1 1 1 1 1 1 0
0 1 1 1 1 1 1 1 39 6 7 8 1 9 1 1 12 0 69 0
0 1 1 1 9 1 1 1 39 36 37 38 1 1 1 12 11 0 0 0
0 42 42 1 1 1 42 42 6 7 68 3 42 42 42 11 1 60 32 0
0 1 1 1 1 9 1 1 36 37 38 1 1 1 1 1 1 9 1 0
0 1 9 1 1 1 1 15 0 67 0 14 1 1 9 1 1 1 1 0
0 1 1 1 1 1 15 0 0 0 0 0 14 1 1 1 1 1 1 0
0 0 0 0 2 0 0 0 0 0 0 0 0 0 0 0 0 0 0 0
