TILEMAP
20 15 					-- Size of tile map in tiles
32 32 						-- Tile size & block size
images/tilesets/tileset_level5.png 	-- Tilesheet
8 2					-- Number of tiles in tilesheet
1 0 1 0 1 0 1 0 1 0 1 0 1 0 1 0 1 0 1 0
0 8 8 8 8 8 8 8 8 8 8 8 8 8 8 8 8 8 8 0
0 8 8 8 8 8 8 8 8 8 8 8 8 8 8 8 8 3 8 0
0 9 9 9 9 2 9 9 9 9 9 9 9 9 9 9 9 9 9 0
0 8 8 8 8 2 8 8 8 8 8 8 8 8 8 8 8 8 8 0
0 6 8 8 8 2 8 8 8 9 9 9 8 8 8 2 8 8 6 0
0 9 9 8 8 2 8 8 8 8 8 8 8 8 8 2 9 9 9 0
0 8 8 8 8 2 8 8 8 8 8 8 8 8 8 2 8 8 8 0
0 9 9 9 9 2 9 9 9 9 9 9 9 9 9 2 9 9 9 0
0 8 8 8 8 2 8 8 8 8 8 8 8 8 8 2 8 8 8 0
0 6 8 8 8 2 8 8 9 9 8 8 9 9 8 2 8 8 6 0
0 9 9 8 8 2 8 8 8 8 8 8 8 8 8 2 8 8 9 0
0 8 8 8 8 8 8 8 8 8 8 8 8 8 8 8 8 8 8 0
0 8 8 8 8 2 8 8 8 8 8 8 8 8 8 2 8 8 8 0
1 4 1 1 1 1 1 1 1 1 1 1 1 1 1 1 1 1 1 4
