TILEMAP
20 21 					    -- Size of tile map in tiles
16 16						-- Tile size & block size
images/tilesets/tileset_level2.png 	-- Tilesheet
21 15					    -- Number of tiles in tilesheet
0  3  3  3  3  3  3  3  3  3  3  3  3  3  3  3  3  3  3  0
21 52 52 52 52 52 52 52 52 52 52 52 52 52 52 52 52 52 52 21
21 50 50 31 50 50 31 50 50 31 50 50 31 50 50 31 50 50 1  21
21 50 50 50 50 50 50 50 50 50 50 50 50 50 50 50 50 50 50 21
21 46 46 46 46 46 46 46 46 46 24 46 46 30 46 46 46 46 48 21
21 50 50 50 50 33 33 50 50 50 0  52 50 30 50 50 33 50 50 21
21 46 30 46 46 46 46 46 46 46 48 52 50 30 3  3  3  3  3  21
21 50 30 50 10 50 50 50 50 52 50 52 50 30 31 1  52 1  52 21
21 3  3  3  3  3  3  42 50 2  50 2  50 30 50 50 2  50 2  21
21 50 50 50 50 52 1  43 42 23 50 23 50 30 50 50 23 50 23 21
21 50 50 50 50 1  50 50 50 3  3  3  3  30 3  3  3  3  3  21
21 10 50 50 50 50 50 50 50 52 50 52 50 30 50 52 50 52 50 21
21 52 54 50 50 50 50 50 50 2  50 2  50 30 50 2  50 2  50 21
21 52 52 10 50 50 50 50 50 23 50 23 50 30 50 23 50 23 50 21
21 49 46 46 30 46 46 46 46 46 46 46 48 30 49 46 46 46 48 21
21 50 50 50 30 50 50 50 50 50 50 50 50 51 50 50 50 50 50 21
21 49 46 46 30 46 46 46 46 46 46 46 46 46 46 46 46 46 48 21
21 50 11 50 30 50 10 50 50 50 50 50 33 22 22 33 50 50 50 21
21 3  3  3  3  3  3  3  3  3  3  3  3  3  3  3  3  3  3  21
0  0  0  0  0  0  0  0  0  0  0  0  0  0  0  0  0  0  0  0

