TILEMAP
20 21 							-- Size of tile map in tiles
16 16 							-- Tile size & block size
images/tileset_level1.png 	-- Tilesheet
25 14								-- Number of tiles in tilesheet
1  1  1  1  1  1  1  1  1  1  1  1  1  1  1  1  1  1  1  1
1  1  1  1  1  1  1  1  1  1  1  1  1  1  1  1  1  1  1  1
0  4  10 2  1  1  1  1  1  1  1  1  1  1  1  1  1  1  1  1
25 30 35 27 2  1  1  1  1  1  1  1  1  26 26 1  1  1  41 1
25 29 35 26 27 2  26 1  0  4  9  0  4  4  4  4  4  4  4  10
25 30 35 0  4  13 14 15 29 30 9  30 30 30 31 30 30 30 6  35
25 30 30 30 32 38 39 40 30 30 34 30 5  30 30 30 29 30 30 35
25 30 5  30 13 14 65 4  4  4  10 8  30 30 29 30 0  61 4  10
25 30 30 30 38 39 40 30 31 30 30 30 8  30 30 30 31 30 30 35
25 30 0  4  4  64 4  10 30 30 29 30 33 8  32 31 30 30 29 35
25 31 30 30 30 30 30 30 30 30 30 0  4  4  4  10 31 30 32 35
25 30 30 31 30 30 29 30 5  30 30 30 30 30 30 30 13 14 15 35
28 11 28 17 16 30 30 30 30 30 30 16 30 30 32 30 38 39 40 35
0  4  4  4  4  4  4  4  4  4  4  4  4  4  4  13 14 65 4  10
30 29 30 30 31 30 30 30 31 30 30 30 30 30 30 38 39 40 29 35
30 6  30 30 30 31 30 16 30 30 31 30 29 30 12 4  64 4  4  10
31 30 30 9  0  4  4  4  10 30 30 30 30 12 37 30 30 5  30 35
30 3  30 9  30 30 6  31 30 30 29 31 12 37 62 30 29 30 32 35
7  7  17 34 30 29 30 30 5  30 12 28 37 62 62 36 62 62 62 62
62 62 42 7  7  7  7  7  7  7  37 62 62 62 62 62 62 62 62 62
